32,2
71,4
71,3
71,2
71,1
71,0
0,278
70,4
70,3
70,2
0,9
70,1
70,0
69,40
69,39
69,38
69,37
69,36
69,35
3,2
3,1
3,3
10,294
10,152
10,218
10,268
10,286
10,176
10,274
10,132
11,15
11,10
11,6
11,14
9,7
9,4
9,1
9,6
9,2
9,3
8,16
8,6
8,9
8,11
8,17
8,12
8,2
8,3
0,537
63,3
63,2
63,1
63,0
62,3
62,2
62,1
62,0
60,3
60,2
60,1
60,0
59,3
59,2
59,1
59,0
40,3
40,2
40,1
40,0
39,3
39,2
39,1
39,0
35,4
35,3
35,2
35,1
35,0
34,3
34,2
34,1
34,0
33,3
33,2
33,1
33,0
32,4
32,3
32,1
31,4
31,3
31,1
30,5
30,4
30,3
30,2
30,1
30,0
29,3
29,1
28,4
28,3
28,1
27,5
27,4
27,3
27,2
27,1
26,3
26,2
26,1
25,3
25,1
24,7
24,6
24,5
24,4
24,3
24,2
24,1
24,0
20,3
20,2
20,1
19,3
19,2
19,1
